[Portal]
portal_button_x = 0.6796875
portal_button_y = 0.9481481481481482

