[Portal]
portal_button_x = 0.6880208333333333
portal_button_y = 0.9583333333333334

